function DF = DFP7(q)
D = 0.2;
x = 2.5;
L = [5; x; 5-x; 1; 1; 1; x; 5-x; 5];
rho = 998;
f = 0.02;


DF = [1,-1,0,-1,0,0,0,0,0;
    0,1,-1,0,-1,0,0,0,0;
    0,0,1,0,0,-1,0,0,0;
    0,0,0,1,0,0,-1,0,0;
    0,0,0,0,1,0,1,-1,0;
    0,0,0,0,0,1,0,1,-1;
    0,2*L(2)*q(2),0,-2*L(4)*q(4),2*L(5)*q(5),0,-2*L(7)*q(7),0,0;
    0,0,2*L(3)*q(3),0,-2*L(5)*q(5),2*L(6)*q(6),0,-2*L(8)*q(8),0;
    (16*f*rho)/(pi^2*D^5)*[L(1)*q(1),0,0,L(4)*q(4),0,0,L(7)*q(7),L(8)*q(8),L(9)*q(9)]];

